Guloso:
29 1 42 848592.12
46 43 46 61961.44
42 47 48 16182.26
50 49 50 22848.77
38 51 53 32463.28
56 54 55 23744.01
80 56 58 22301.55
62 59 67 132228.70
64 68 69 18282.75
83 70 71 19914.66
89 72 73 24658.81
5 74 75 20973.96
68 76 79 43381.19
27 80 81 17894.61
44 82 106 462356.62
2 107 111 76343.65
16 112 113 25005.10
15 114 116 39496.21
25 117 119 36818.73
19 120 120 11784.51
Total: 2147232.93
Tempo: 6.00
-----------------------------
Dinamico:
35 1 6 71463.33
53 7 7 11103.20
50 8 9 24879.08
67 10 12 28989.21
85 13 14 13989.13
20 15 16 19026.93
99 17 20 44965.46
59 21 30 167050.05
29 31 31 12830.96
77 32 34 35714.39
7 35 36 17399.13
69 37 40 34804.46
44 41 42 19280.35
27 43 44 29578.64
42 45 48 33902.41
50 49 50 22848.77
38 51 53 32463.28
56 54 55 23744.01
80 56 58 22301.55
62 59 65 104819.77
28 66 70 55549.47
49 71 72 14429.11
35 73 73 11954.52
5 74 75 20973.96
68 76 80 49803.15
27 81 81 10774.87
26 82 83 19968.83
95 84 84 11125.62
99 85 88 47507.40
67 89 90 22774.70
78 91 91 13075.26
43 92 94 35955.73
3 95 96 18044.79
34 97 98 16610.10
56 99 101 40956.78
2 102 104 32360.15
37 105 107 28325.44
25 108 109 18162.39
60 110 112 41624.19
81 113 114 15046.22
25 115 120 78208.56
Total: 1774385.35
Tempo: 22.00
